[
    {
        "x": -0.004154,
        "y": -0.508951,
        "z": 0.00354,
        "dir_x": 0,
        "dir_y": 1,
        "dir_z": 0,
        "spot": {
            "beta": 3.5,
            "g": 3,
            "cosout": 0.65,
            "cosin": 0.85
        }
    }
]